[gd_scene load_steps=5 format=2]

[ext_resource path="res://caracters/BasicCaracter.tscn" type="PackedScene" id=1]
[ext_resource path="res://scripts/BasicCaracter.gd" type="Script" id=2]

[sub_resource type="BoxShape" id=1]
extents = Vector3( 25, 1, 25 )

[sub_resource type="CubeMesh" id=2]
size = Vector3( 50, 2, 50 )

[node name="FirstLevel" type="Spatial"]

[node name="Floor" type="StaticBody" parent="."]

[node name="CollisionShape" type="CollisionShape" parent="Floor"]
shape = SubResource( 1 )

[node name="MeshInstance" type="MeshInstance" parent="Floor/CollisionShape"]
mesh = SubResource( 2 )
material/0 = null

[node name="BasicCaracter" parent="." instance=ExtResource( 1 )]
transform = Transform( 1, 0, 0, 0, 1, 0, 0, 0, 1, 0, 2, 0 )
script = ExtResource( 2 )

[node name="CamaraTarget" type="Spatial" parent="BasicCaracter"]
transform = Transform( 1, 0, 0, 0, 0.939728, 0.341922, 0, -0.341922, 0.939728, 0, 6.90172, 13.4878 )

[node name="InterpolatedCamera" type="InterpolatedCamera" parent="."]
transform = Transform( 1, 0, 0, 0, 0.972828, 0.231527, 0, -0.231527, 0.972828, 0, 18.6093, 48.8332 )
target = NodePath("../BasicCaracter/CamaraTarget")
speed = 3.0
enabled = true

[node name="DirectionalLight" type="DirectionalLight" parent="."]
transform = Transform( 1, 0, 0, 0, -0.548833, 0.835932, 0, -0.835932, -0.548833, 0, 23.3096, 0 )
light_energy = 0.5
shadow_enabled = true
