[gd_scene load_steps=5 format=2]

[ext_resource path="res://scripts/PacMan.gd" type="Script" id=1]
[ext_resource path="res://caracters/PacMan.tscn" type="PackedScene" id=4]

[sub_resource type="BoxShape" id=1]
extents = Vector3( 25, 1, 25 )

[sub_resource type="CubeMesh" id=2]
size = Vector3( 50, 2, 50 )

[node name="FirstLevel" type="Spatial"]

[node name="Floor" type="StaticBody" parent="."]

[node name="CollisionShape" type="CollisionShape" parent="Floor"]
shape = SubResource( 1 )

[node name="MeshInstance" type="MeshInstance" parent="Floor/CollisionShape"]
mesh = SubResource( 2 )
material/0 = null

[node name="DirectionalLight" type="DirectionalLight" parent="."]
transform = Transform( 1, 0, 0, 0, -0.548833, 0.835932, 0, -0.835932, -0.548833, 0, 23.3096, 0 )
light_energy = 0.5
shadow_enabled = true

[node name="InterpolatedCamera" type="InterpolatedCamera" parent="."]
transform = Transform( 1, 0, 0, 0, 0.972828, 0.231527, 0, -0.231527, 0.972829, 0, 16.5776, 27.1582 )
target = NodePath("../TargetCamera")
speed = 3.0
enabled = true

[node name="PacMan" parent="." instance=ExtResource( 4 )]
transform = Transform( 1, 0, 0, 0, 1, 0, 0, 0, 1, 0, 2, 0 )
script = ExtResource( 1 )

[node name="TargetCamera" type="Spatial" parent="."]
transform = Transform( 1, 0, 0, 0, 0.977467, 0.211086, 0, -0.211086, 0.977467, 0, 7.77066, 21.0599 )
